FEATURE ANALYSIS
=====================================================================================================================================================================================================================================================
Section 1 = Individual (duplicated)   |   Section 2 = Accumulated w/ descendants (duplicated)   ||   Section 3 = Deduplicated (each physical source line counted once)
=====================================================================================================================================================================================================================================================

                                                             --- Individual (dup) ---                  |                --- Accumulated (dup) ---                ||       -- Dedup Individual --         |       -- Dedup Accumulated --      
Feature                                           LOC    LLOC    LOC%   LLOC%   Files    Scat     Tang  |     LOC    LLOC    LOC%   LLOC%   Files    Scat     Tang ||     LOC    LLOC    LOC%   LLOC%  |     LOC    LLOC    LOC%   LLOC%
-----------------------------------------------------------------------------------------------------------------------------------------------------------------------------------------------------------------------------------------------------
Security_Features                                   0       0    0.00    0.00       0       0     0.00  |    4486    3750    4.22    5.09     139     139     1.27 ||       0       0    0.00    0.00  |    3910    3219    3.68    4.37
-Access_Control                                     0       0    0.00    0.00       0       0     0.00  |    2529    2089    2.38    2.83      59      59     1.24 ||       0       0    0.00    0.00  |    2413    1977    2.27    2.68
--Authentication                                  703     570    0.66    0.77      20      20     1.21  |    1205     947    1.13    1.29      28      28     1.24 ||     703     570    0.66    0.77  |    1163     907    1.10    1.23
---Credentials                                    182     157    0.17    0.21       9       9     1.44  |     182     157    0.17    0.21       9       9     1.44 ||     182     157    0.17    0.21  |     182     157    0.17    0.21
---One_Time_Password                                0       0    0.00    0.00       0       0     0.00  |       0       0    0.00    0.00       0       0     0.00 ||       0       0    0.00    0.00  |       0       0    0.00    0.00
---Certificate_Authentication                       0       0    0.00    0.00       0       0     0.00  |       0       0    0.00    0.00       0       0     0.00 ||       0       0    0.00    0.00  |       0       0    0.00    0.00
---Multifactor_Authentication                      38      29    0.04    0.04       4       4     1.32  |      38      29    0.04    0.04       4       4     1.32 ||      38      29    0.04    0.04  |      38      29    0.04    0.04
---Single_Sign_On                                 282     191    0.27    0.26       7       7     1.20  |     282     191    0.27    0.26       7       7     1.20 ||     282     191    0.27    0.26  |     282     191    0.27    0.26
--Authorization                                  1173    1014    1.10    1.38      38      38     1.21  |    1324    1142    1.25    1.55      44      44     1.23 ||    1173    1014    1.10    1.38  |    1297    1117    1.22    1.52
---Access_Quota_Limitation                         45      32    0.04    0.04       2       2     1.07  |      45      32    0.04    0.04       2       2     1.07 ||      45      32    0.04    0.04  |      45      32    0.04    0.04
---Attribute_based_Access_Control                   0       0    0.00    0.00       0       0     0.00  |       0       0    0.00    0.00       0       0     0.00 ||       0       0    0.00    0.00  |       0       0    0.00    0.00
---Discretionary_Access_Control                     0       0    0.00    0.00       0       0     0.00  |       0       0    0.00    0.00       0       0     0.00 ||       0       0    0.00    0.00  |       0       0    0.00    0.00
---Mandatory_Access_Control                         0       0    0.00    0.00       0       0     0.00  |       0       0    0.00    0.00       0       0     0.00 ||       0       0    0.00    0.00  |       0       0    0.00    0.00
---Lattice_based_Access_Control                     0       0    0.00    0.00       0       0     0.00  |       0       0    0.00    0.00       0       0     0.00 ||       0       0    0.00    0.00  |       0       0    0.00    0.00
---Location_based_Access_Control                    0       0    0.00    0.00       0       0     0.00  |       0       0    0.00    0.00       0       0     0.00 ||       0       0    0.00    0.00  |       0       0    0.00    0.00
---Role_based_Access_Control                      106      96    0.10    0.13      16      16     1.55  |     106      96    0.10    0.13      16      16     1.55 ||     106      96    0.10    0.13  |     106      96    0.10    0.13
---Rule_based_Access_Control                        0       0    0.00    0.00       0       0     0.00  |       0       0    0.00    0.00       0       0     0.00 ||       0       0    0.00    0.00  |       0       0    0.00    0.00
---Timed_Access_Control                             0       0    0.00    0.00       0       0     0.00  |       0       0    0.00    0.00       0       0     0.00 ||       0       0    0.00    0.00  |       0       0    0.00    0.00
---State_based_Access_Control                       0       0    0.00    0.00       0       0     0.00  |       0       0    0.00    0.00       0       0     0.00 ||       0       0    0.00    0.00  |       0       0    0.00    0.00
---Application_Mode_based_Access_Control            0       0    0.00    0.00       0       0     0.00  |       0       0    0.00    0.00       0       0     0.00 ||       0       0    0.00    0.00  |       0       0    0.00    0.00
-Cryptography                                       0       0    0.00    0.00       0       0     0.00  |     488     391    0.46    0.53      20      20     1.55 ||       0       0    0.00    0.00  |     393     305    0.37    0.41
--Encryption                                       76      51    0.07    0.07       4       4     1.00  |     185     141    0.17    0.19       7       7     1.47 ||      76      51    0.07    0.07  |     185     141    0.17    0.19
---Stream_Ciphers                                   0       0    0.00    0.00       0       0     0.00  |       0       0    0.00    0.00       0       0     0.00 ||       0       0    0.00    0.00  |       0       0    0.00    0.00
---Block_Ciphers                                   21      15    0.02    0.02       1       1     1.00  |      21      15    0.02    0.02       1       1     1.00 ||      21      15    0.02    0.02  |      21      15    0.02    0.02
---Symmetric_Key_Cryptography                       0       0    0.00    0.00       0       0     0.00  |       0       0    0.00    0.00       0       0     0.00 ||       0       0    0.00    0.00  |       0       0    0.00    0.00
---Asymmetric_Key_Cryptography                     88      75    0.08    0.10       2       2     1.99  |      88      75    0.08    0.10       2       2     1.99 ||      88      75    0.08    0.10  |      88      75    0.08    0.10
---Hybrid_Cryptosystems                             0       0    0.00    0.00       0       0     0.00  |       0       0    0.00    0.00       0       0     0.00 ||       0       0    0.00    0.00  |       0       0    0.00    0.00
--Cryptographic_Hashing                           100      79    0.09    0.11       6       6     1.44  |     100      79    0.09    0.11       6       6     1.44 ||     100      79    0.09    0.11  |     100      79    0.09    0.11
--Key_Management                                  101      78    0.10    0.11      10      10     1.33  |     174     142    0.16    0.19      14      14     1.62 ||     101      78    0.10    0.11  |     169     137    0.16    0.19
---Key_Generation                                  39      37    0.04    0.05       3       3     1.92  |      39      37    0.04    0.05       3       3     1.92 ||      39      37    0.04    0.05  |      39      37    0.04    0.05
---Key_Distribution                                 0       0    0.00    0.00       0       0     0.00  |       0       0    0.00    0.00       0       0     0.00 ||       0       0    0.00    0.00  |       0       0    0.00    0.00
---Group_Key_Management                             0       0    0.00    0.00       0       0     0.00  |       0       0    0.00    0.00       0       0     0.00 ||       0       0    0.00    0.00  |       0       0    0.00    0.00
---Key_Storage                                     34      27    0.03    0.04       2       2     2.15  |      34      27    0.03    0.04       2       2     2.15 ||      34      27    0.03    0.04  |      34      27    0.03    0.04
---Key_Revocation                                   0       0    0.00    0.00       0       0     0.00  |       0       0    0.00    0.00       0       0     0.00 ||       0       0    0.00    0.00  |       0       0    0.00    0.00
--Signature                                         0       0    0.00    0.00       0       0     0.00  |      29      29    0.03    0.04       1       1     2.07 ||       0       0    0.00    0.00  |      29      29    0.03    0.04
---Message_Signing                                  0       0    0.00    0.00       0       0     0.00  |       0       0    0.00    0.00       0       0     0.00 ||       0       0    0.00    0.00  |       0       0    0.00    0.00
---Certification                                    0       0    0.00    0.00       0       0     0.00  |       0       0    0.00    0.00       0       0     0.00 ||       0       0    0.00    0.00  |       0       0    0.00    0.00
---Message_Authentication                          29      29    0.03    0.04       1       1     2.07  |      29      29    0.03    0.04       1       1     2.07 ||      29      29    0.03    0.04  |      29      29    0.03    0.04
---Digital_Watermarking                             0       0    0.00    0.00       0       0     0.00  |       0       0    0.00    0.00       0       0     0.00 ||       0       0    0.00    0.00  |       0       0    0.00    0.00
--Steganography                                     0       0    0.00    0.00       0       0     0.00  |       0       0    0.00    0.00       0       0     0.00 ||       0       0    0.00    0.00  |       0       0    0.00    0.00
-Security_Monitoring                                0       0    0.00    0.00       0       0     0.00  |     161     131    0.15    0.18      10      10     1.09 ||       0       0    0.00    0.00  |     161     131    0.15    0.18
--Logging                                         161     131    0.15    0.18      10      10     1.09  |     161     131    0.15    0.18      10      10     1.09 ||     161     131    0.15    0.18  |     161     131    0.15    0.18
--Automated_Response                                0       0    0.00    0.00       0       0     0.00  |       0       0    0.00    0.00       0       0     0.00 ||       0       0    0.00    0.00  |       0       0    0.00    0.00
--History_Maintenance                               0       0    0.00    0.00       0       0     0.00  |       0       0    0.00    0.00       0       0     0.00 ||       0       0    0.00    0.00  |       0       0    0.00    0.00
-Secure_Data_Handling                               0       0    0.00    0.00       0       0     0.00  |     936     814    0.88    1.10      77      77     1.20 ||       0       0    0.00    0.00  |     935     813    0.88    1.10
--Data_Validation                                   0       0    0.00    0.00       0       0     0.00  |     321     290    0.30    0.39      65      65     1.01 ||       0       0    0.00    0.00  |     320     289    0.30    0.39
---Input_Validation                                 0       0    0.00    0.00       0       0     0.00  |     321     290    0.30    0.39      65      65     1.01 ||       0       0    0.00    0.00  |     320     289    0.30    0.39
----Blacklisting                                    0       0    0.00    0.00       0       0     0.00  |       0       0    0.00    0.00       0       0     0.00 ||       0       0    0.00    0.00  |       0       0    0.00    0.00
----Whitelisting                                   20      15    0.02    0.02       1       1     1.05  |      20      15    0.02    0.02       1       1     1.05 ||      20      15    0.02    0.02  |      20      15    0.02    0.02
----Download_Verification                         301     275    0.28    0.37      65      65     1.00  |     301     275    0.28    0.37      65      65     1.00 ||     301     275    0.28    0.37  |     301     275    0.28    0.37
---Output_Validation                                0       0    0.00    0.00       0       0     0.00  |       0       0    0.00    0.00       0       0     0.00 ||       0       0    0.00    0.00  |       0       0    0.00    0.00
--Data_Sanitization                                 0       0    0.00    0.00       0       0     0.00  |       7       7    0.01    0.01       1       1     1.00 ||       0       0    0.00    0.00  |       7       7    0.01    0.01
---Input_Sanitization                               0       0    0.00    0.00       0       0     0.00  |       0       0    0.00    0.00       0       0     0.00 ||       0       0    0.00    0.00  |       0       0    0.00    0.00
---Output_Sanitization                              0       0    0.00    0.00       0       0     0.00  |       0       0    0.00    0.00       0       0     0.00 ||       0       0    0.00    0.00  |       0       0    0.00    0.00
---Parameterized_Prepared_Statement                 7       7    0.01    0.01       1       1     1.00  |       7       7    0.01    0.01       1       1     1.00 ||       7       7    0.01    0.01  |       7       7    0.01    0.01
--Retention_Control                                39      24    0.04    0.03       2       2     1.00  |      39      24    0.04    0.03       2       2     1.00 ||      39      24    0.04    0.03  |      39      24    0.04    0.03
--Secure_Storage                                  529     462    0.50    0.63       5       5     1.34  |     529     462    0.50    0.63       5       5     1.34 ||     529     462    0.50    0.63  |     529     462    0.50    0.63
--Trusted_Sources                                   0       0    0.00    0.00       0       0     0.00  |      40      31    0.04    0.04       6       6     1.10 ||       0       0    0.00    0.00  |      40      31    0.04    0.04
---Time_Source                                     37      28    0.03    0.04       4       4     1.00  |      37      28    0.03    0.04       4       4     1.00 ||      37      28    0.03    0.04  |      37      28    0.03    0.04
---Source_of_Randomness                             3       3    0.00    0.00       2       2     2.33  |       3       3    0.00    0.00       2       2     2.33 ||       3       3    0.00    0.00  |       3       3    0.00    0.00
-System_State_Protection                            2       2    0.00    0.00       2       2     1.00  |     372     325    0.35    0.44      23      23     1.39 ||       2       2    0.00    0.00  |     368     321    0.35    0.44
--Resource_Management                              31      29    0.03    0.04       3       3     1.00  |      31      29    0.03    0.04       3       3     1.00 ||      31      29    0.03    0.04  |      31      29    0.03    0.04
--System_State_Validation                         125     106    0.12    0.14       8       8     1.07  |     125     106    0.12    0.14       8       8     1.07 ||     125     106    0.12    0.14  |     125     106    0.12    0.14
--Session_Management                              178     155    0.17    0.21      10      10     1.72  |     195     169    0.18    0.23      11      11     1.69 ||     178     155    0.17    0.21  |     191     165    0.18    0.22
---Replay_Attack_Prevention                         0       0    0.00    0.00       0       0     0.00  |       0       0    0.00    0.00       0       0     0.00 ||       0       0    0.00    0.00  |       0       0    0.00    0.00
---Session_Fixation_Protection                      0       0    0.00    0.00       0       0     0.00  |       0       0    0.00    0.00       0       0     0.00 ||       0       0    0.00    0.00  |       0       0    0.00    0.00
---Session_Takeover_Prevention                      1       1    0.00    0.00       1       1     1.00  |       1       1    0.00    0.00       1       1     1.00 ||       1       1    0.00    0.00  |       1       1    0.00    0.00
---Session_Timeout                                 16      13    0.02    0.02       4       4     1.44  |      16      13    0.02    0.02       4       4     1.44 ||      16      13    0.02    0.02  |      16      13    0.02    0.02
--State_Synchronization                            19      19    0.02    0.03       1       1     1.00  |      19      19    0.02    0.03       1       1     1.00 ||      19      19    0.02    0.03  |      19      19    0.02    0.03

=====================================================================================================================================================================================================================================================
TOTAL FEATURE CODE
=====================================================================================================================================================================================================================================================

Java files analyzed:        983
Total LOC (codebase):       106210
Total LLOC (codebase):      73690

Annotated LOC (duplicated): 4486
Annotated LLOC (duplicated):3750
Annotated LOC (unique):     3910
Annotated LLOC (unique):    3219
