FEATURE ANALYSIS
=====================================================================================================================================================================================================================================================
Section 1 = Individual (duplicated)   |   Section 2 = Accumulated w/ descendants (duplicated)   ||   Section 3 = Deduplicated (each physical source line counted once)
=====================================================================================================================================================================================================================================================

                                                             --- Individual (dup) ---                  |                --- Accumulated (dup) ---                ||       -- Dedup Individual --         |       -- Dedup Accumulated --      
Feature                                           LOC    LLOC    LOC%   LLOC%   Files    Scat     Tang  |     LOC    LLOC    LOC%   LLOC%   Files    Scat     Tang ||     LOC    LLOC    LOC%   LLOC%  |     LOC    LLOC    LOC%   LLOC%
-----------------------------------------------------------------------------------------------------------------------------------------------------------------------------------------------------------------------------------------------------
Security_Features                                   0       0    0.00    0.00       0       0     0.00  |    5266    4431    4.96    6.01     145     145     1.41 ||       0       0    0.00    0.00  |    4278    3521    4.03    4.78
-Access_Control                                     0       0    0.00    0.00       0       0     0.00  |    3377    2818    3.18    3.82      68      68     1.41 ||       0       0    0.00    0.00  |    2954    2426    2.78    3.29
--Authentication                                 1493    1245    1.40    1.69      42      42     1.34  |    2034    1657    1.91    2.25      46      46     1.40 ||    1493    1245    1.40    1.69  |    1913    1548    1.80    2.10
---Credentials                                    186     160    0.18    0.22      11      11     1.84  |     186     160    0.18    0.22      11      11     1.84 ||     186     160    0.18    0.22  |     186     160    0.18    0.22
---One_Time_Password                               35      32    0.03    0.04       1       1     2.34  |      35      32    0.03    0.04       1       1     2.34 ||      35      32    0.03    0.04  |      35      32    0.03    0.04
---Certificate_Authentication                       0       0    0.00    0.00       0       0     0.00  |       0       0    0.00    0.00       0       0     0.00 ||       0       0    0.00    0.00  |       0       0    0.00    0.00
---Multifactor_Authentication                      38      29    0.04    0.04       4       4     1.66  |      38      29    0.04    0.04       4       4     1.66 ||      38      29    0.04    0.04  |      38      29    0.04    0.04
---Single_Sign_On                                 282     191    0.27    0.26       7       7     1.23  |     282     191    0.27    0.26       7       7     1.23 ||     282     191    0.27    0.26  |     282     191    0.27    0.26
--Authorization                                  1192    1033    1.12    1.40      43      43     1.39  |    1343    1161    1.26    1.58      48      48     1.42 ||    1192    1033    1.12    1.40  |    1316    1136    1.24    1.54
---Access_Quota_Limitation                         45      32    0.04    0.04       2       2     1.07  |      45      32    0.04    0.04       2       2     1.07 ||      45      32    0.04    0.04  |      45      32    0.04    0.04
---Attribute_based_Access_Control                   0       0    0.00    0.00       0       0     0.00  |       0       0    0.00    0.00       0       0     0.00 ||       0       0    0.00    0.00  |       0       0    0.00    0.00
---Discretionary_Access_Control                     0       0    0.00    0.00       0       0     0.00  |       0       0    0.00    0.00       0       0     0.00 ||       0       0    0.00    0.00  |       0       0    0.00    0.00
---Mandatory_Access_Control                         0       0    0.00    0.00       0       0     0.00  |       0       0    0.00    0.00       0       0     0.00 ||       0       0    0.00    0.00  |       0       0    0.00    0.00
---Lattice_based_Access_Control                     0       0    0.00    0.00       0       0     0.00  |       0       0    0.00    0.00       0       0     0.00 ||       0       0    0.00    0.00  |       0       0    0.00    0.00
---Location_based_Access_Control                    0       0    0.00    0.00       0       0     0.00  |       0       0    0.00    0.00       0       0     0.00 ||       0       0    0.00    0.00  |       0       0    0.00    0.00
---Role_based_Access_Control                      106      96    0.10    0.13      16      16     1.93  |     106      96    0.10    0.13      16      16     1.93 ||     106      96    0.10    0.13  |     106      96    0.10    0.13
---Rule_based_Access_Control                        0       0    0.00    0.00       0       0     0.00  |       0       0    0.00    0.00       0       0     0.00 ||       0       0    0.00    0.00  |       0       0    0.00    0.00
---Timed_Access_Control                             0       0    0.00    0.00       0       0     0.00  |       0       0    0.00    0.00       0       0     0.00 ||       0       0    0.00    0.00  |       0       0    0.00    0.00
---State_based_Access_Control                       0       0    0.00    0.00       0       0     0.00  |       0       0    0.00    0.00       0       0     0.00 ||       0       0    0.00    0.00  |       0       0    0.00    0.00
---Application_Mode_based_Access_Control            0       0    0.00    0.00       0       0     0.00  |       0       0    0.00    0.00       0       0     0.00 ||       0       0    0.00    0.00  |       0       0    0.00    0.00
-Cryptography                                       0       0    0.00    0.00       0       0     0.00  |     490     393    0.46    0.53      20      20     1.69 ||       0       0    0.00    0.00  |     395     307    0.37    0.42
--Encryption                                       76      51    0.07    0.07       4       4     1.00  |     185     141    0.17    0.19       7       7     1.49 ||      76      51    0.07    0.07  |     185     141    0.17    0.19
---Stream_Ciphers                                   0       0    0.00    0.00       0       0     0.00  |       0       0    0.00    0.00       0       0     0.00 ||       0       0    0.00    0.00  |       0       0    0.00    0.00
---Block_Ciphers                                   21      15    0.02    0.02       1       1     1.00  |      21      15    0.02    0.02       1       1     1.00 ||      21      15    0.02    0.02  |      21      15    0.02    0.02
---Symmetric_Key_Cryptography                       0       0    0.00    0.00       0       0     0.00  |       0       0    0.00    0.00       0       0     0.00 ||       0       0    0.00    0.00  |       0       0    0.00    0.00
---Asymmetric_Key_Cryptography                     88      75    0.08    0.10       2       2     2.02  |      88      75    0.08    0.10       2       2     2.02 ||      88      75    0.08    0.10  |      88      75    0.08    0.10
---Hybrid_Cryptosystems                             0       0    0.00    0.00       0       0     0.00  |       0       0    0.00    0.00       0       0     0.00 ||       0       0    0.00    0.00  |       0       0    0.00    0.00
--Cryptographic_Hashing                           100      79    0.09    0.11       6       6     1.67  |     100      79    0.09    0.11       6       6     1.67 ||     100      79    0.09    0.11  |     100      79    0.09    0.11
--Key_Management                                  103      80    0.10    0.11      10      10     1.58  |     176     144    0.17    0.20      14      14     1.83 ||     103      80    0.10    0.11  |     171     139    0.16    0.19
---Key_Generation                                  39      37    0.04    0.05       3       3     2.21  |      39      37    0.04    0.05       3       3     2.21 ||      39      37    0.04    0.05  |      39      37    0.04    0.05
---Key_Distribution                                 0       0    0.00    0.00       0       0     0.00  |       0       0    0.00    0.00       0       0     0.00 ||       0       0    0.00    0.00  |       0       0    0.00    0.00
---Group_Key_Management                             0       0    0.00    0.00       0       0     0.00  |       0       0    0.00    0.00       0       0     0.00 ||       0       0    0.00    0.00  |       0       0    0.00    0.00
---Key_Storage                                     34      27    0.03    0.04       2       2     2.15  |      34      27    0.03    0.04       2       2     2.15 ||      34      27    0.03    0.04  |      34      27    0.03    0.04
---Key_Revocation                                   0       0    0.00    0.00       0       0     0.00  |       0       0    0.00    0.00       0       0     0.00 ||       0       0    0.00    0.00  |       0       0    0.00    0.00
--Signature                                         0       0    0.00    0.00       0       0     0.00  |      29      29    0.03    0.04       1       1     2.14 ||       0       0    0.00    0.00  |      29      29    0.03    0.04
---Message_Signing                                 14      14    0.01    0.02       1       1     2.14  |      14      14    0.01    0.02       1       1     2.14 ||      14      14    0.01    0.02  |      14      14    0.01    0.02
---Certification                                    0       0    0.00    0.00       0       0     0.00  |       0       0    0.00    0.00       0       0     0.00 ||       0       0    0.00    0.00  |       0       0    0.00    0.00
---Message_Authentication                          15      15    0.01    0.02       1       1     2.13  |      15      15    0.01    0.02       1       1     2.13 ||      15      15    0.01    0.02  |      15      15    0.01    0.02
---Digital_Watermarking                             0       0    0.00    0.00       0       0     0.00  |       0       0    0.00    0.00       0       0     0.00 ||       0       0    0.00    0.00  |       0       0    0.00    0.00
--Steganography                                     0       0    0.00    0.00       0       0     0.00  |       0       0    0.00    0.00       0       0     0.00 ||       0       0    0.00    0.00  |       0       0    0.00    0.00
-Security_Monitoring                                0       0    0.00    0.00       0       0     0.00  |      75      65    0.07    0.09      11      11     1.24 ||       0       0    0.00    0.00  |      75      65    0.07    0.09
--Logging                                          75      65    0.07    0.09      11      11     1.24  |      75      65    0.07    0.09      11      11     1.24 ||      75      65    0.07    0.09  |      75      65    0.07    0.09
--Automated_Response                                0       0    0.00    0.00       0       0     0.00  |       0       0    0.00    0.00       0       0     0.00 ||       0       0    0.00    0.00  |       0       0    0.00    0.00
--History_Maintenance                               0       0    0.00    0.00       0       0     0.00  |       0       0    0.00    0.00       0       0     0.00 ||       0       0    0.00    0.00  |       0       0    0.00    0.00
-Secure_Data_Handling                             522     455    0.49    0.62       4       4     1.33  |     936     814    0.88    1.10      77      77     1.21 ||     522     455    0.49    0.62  |     935     813    0.88    1.10
--Data_Validation                                   0       0    0.00    0.00       0       0     0.00  |     321     290    0.30    0.39      65      65     1.01 ||       0       0    0.00    0.00  |     320     289    0.30    0.39
---Input_Validation                                 0       0    0.00    0.00       0       0     0.00  |     321     290    0.30    0.39      65      65     1.01 ||       0       0    0.00    0.00  |     320     289    0.30    0.39
----Blacklisting                                    0       0    0.00    0.00       0       0     0.00  |       0       0    0.00    0.00       0       0     0.00 ||       0       0    0.00    0.00  |       0       0    0.00    0.00
----Whitelisting                                   20      15    0.02    0.02       1       1     1.05  |      20      15    0.02    0.02       1       1     1.05 ||      20      15    0.02    0.02  |      20      15    0.02    0.02
----Download_Verification                         301     275    0.28    0.37      65      65     1.00  |     301     275    0.28    0.37      65      65     1.00 ||     301     275    0.28    0.37  |     301     275    0.28    0.37
---Output_Validation                                0       0    0.00    0.00       0       0     0.00  |       0       0    0.00    0.00       0       0     0.00 ||       0       0    0.00    0.00  |       0       0    0.00    0.00
--Data_Sanitization                                 0       0    0.00    0.00       0       0     0.00  |       7       7    0.01    0.01       1       1     1.00 ||       0       0    0.00    0.00  |       7       7    0.01    0.01
---Input_Sanitization                               0       0    0.00    0.00       0       0     0.00  |       0       0    0.00    0.00       0       0     0.00 ||       0       0    0.00    0.00  |       0       0    0.00    0.00
---Output_Sanitization                              0       0    0.00    0.00       0       0     0.00  |       0       0    0.00    0.00       0       0     0.00 ||       0       0    0.00    0.00  |       0       0    0.00    0.00
---Parameterized_Prepared_Statement                 7       7    0.01    0.01       1       1     1.00  |       7       7    0.01    0.01       1       1     1.00 ||       7       7    0.01    0.01  |       7       7    0.01    0.01
--Retention_Control                                39      24    0.04    0.03       2       2     1.00  |      39      24    0.04    0.03       2       2     1.00 ||      39      24    0.04    0.03  |      39      24    0.04    0.03
--Secure_Storage                                    7       7    0.01    0.01       1       1     3.14  |       7       7    0.01    0.01       1       1     3.14 ||       7       7    0.01    0.01  |       7       7    0.01    0.01
--Trusted_Sources                                   0       0    0.00    0.00       0       0     0.00  |      40      31    0.04    0.04       6       6     1.10 ||       0       0    0.00    0.00  |      40      31    0.04    0.04
---Time_Source                                     37      28    0.03    0.04       4       4     1.00  |      37      28    0.03    0.04       4       4     1.00 ||      37      28    0.03    0.04  |      37      28    0.03    0.04
---Source_of_Randomness                             3       3    0.00    0.00       2       2     2.33  |       3       3    0.00    0.00       2       2     2.33 ||       3       3    0.00    0.00  |       3       3    0.00    0.00
-System_State_Protection                           37      37    0.03    0.05      11      11     2.35  |     388     341    0.37    0.46      28      28     1.57 ||      37      37    0.03    0.05  |     381     334    0.36    0.45
--Resource_Management                              31      29    0.03    0.04       3       3     1.00  |      31      29    0.03    0.04       3       3     1.00 ||      31      29    0.03    0.04  |      31      29    0.03    0.04
--System_State_Validation                         125     106    0.12    0.14       8       8     1.17  |     125     106    0.12    0.14       8       8     1.17 ||     125     106    0.12    0.14  |     125     106    0.12    0.14
--Session_Management                              178     155    0.17    0.21      10      10     1.81  |     195     169    0.18    0.23      11      11     1.77 ||     178     155    0.17    0.21  |     191     165    0.18    0.22
---Replay_Attack_Prevention                         0       0    0.00    0.00       0       0     0.00  |       0       0    0.00    0.00       0       0     0.00 ||       0       0    0.00    0.00  |       0       0    0.00    0.00
---Session_Fixation_Protection                      0       0    0.00    0.00       0       0     0.00  |       0       0    0.00    0.00       0       0     0.00 ||       0       0    0.00    0.00  |       0       0    0.00    0.00
---Session_Takeover_Prevention                      1       1    0.00    0.00       1       1     1.00  |       1       1    0.00    0.00       1       1     1.00 ||       1       1    0.00    0.00  |       1       1    0.00    0.00
---Session_Timeout                                 16      13    0.02    0.02       4       4     1.44  |      16      13    0.02    0.02       4       4     1.44 ||      16      13    0.02    0.02  |      16      13    0.02    0.02
--State_Synchronization                             0       0    0.00    0.00       0       0     0.00  |       0       0    0.00    0.00       0       0     0.00 ||       0       0    0.00    0.00  |       0       0    0.00    0.00

=====================================================================================================================================================================================================================================================
TOTAL FEATURE CODE
=====================================================================================================================================================================================================================================================

Java files analyzed:        983
Total LOC (codebase):       106271
Total LLOC (codebase):      73695

Annotated LOC (duplicated): 5266
Annotated LLOC (duplicated):4431
Annotated LOC (unique):     4278
Annotated LLOC (unique):    3521
